2.57500028092
1.97328569604
2.38905691849
1.76696671773
1.95240550861
2.89215649065
2.95830491943
2.41644740413
1.65821005514
2.53678887785
1.72935334741
2.07781383933
1.91885399782
2.24534912932
2.3054276406
2.09394695549
2.94026990764
2.89341163793
2.46001270158
1.73710016977
2.73474512632
2.02167167238
2.98551611711
2.95717917488
1.97027632859
1.57037725147
2.19142559031
2.78781432737
2.21771396552
2.40158637845
2.35951866919
2.86268816335
2.38975836043
2.01420806426
1.97206829526
3.0
2.15887625644
2.28996737269
2.50757309996
1.5948839662
2.60466941697
1.96402857541
2.89920697647
2.89354193513
2.26935235286
2.54516795965
2.76953347192
2.63284066792
2.10883311381
2.853828921
2.18001703673
2.0822626451
2.94786400565
2.17497195729
2.99285201038
2.27317157138
2.85949625558
1.64927320632
2.99296000066
2.00319108561
2.35890440172
2.85853747062
2.24495419885
1.74832942733
2.11576109354
2.11347598181
2.01207384837
2.1192521245
2.26121915075
2.27586139972
2.38801410518
2.92738502922
1.50096922727
1.8570817644
2.28227075435
2.33785029821
2.72991495703
1.50382544079
1.76815595102
1.95780705574
2.78126560482
2.6358888011
2.04235992235
2.512463541
1.70051388041
2.19292747609
1.50680624702
1.96402857541
2.3167596047
1.92233073264
2.95484443764
1.61699582538
2.01207029148
1.93414684239
2.43078435635
2.42355966632
2.80042239802
2.57116048779
2.53091381799
2.31463061795
2.67769323337
2.3153386346
2.45820292272
2.23204125966
2.49553344007
1.54512316846
1.84244180636
2.44638453059
1.96101175261
1.86341612211
2.06948954997
2.98293600205
2.16546193818
2.16518106637
2.88516605151
1.58671090267
2.99799600001
2.97656408064
1.604488731
2.97975601537
1.70680480722
1.93377708443
2.09895610485
2.70859922804
2.29023547828
2.97994800078
2.95452072039
2.9053863124
2.60524502882
2.5759935198
2.17003977549
2.03410181185
1.81887629763
1.98772789546
2.02475710036
2.79579126749
2.15375966972
1.96375040786
2.6030522456
2.982
2.67552683325
2.12761446165
1.96549696848
