1.260
1.331
1.288
1.193
0.621
0.948
1.156
1.410
0.000
1.390
1.484
1.150
1.309
1.260
0.913
0.628
1.296
1.633
0.864
1.018
1.361
0.496
0.957
0.628
1.193
1.260
1.279
1.018
1.633
1.654
1.190
0.667
1.596
1.717
0.829
1.667
1.307
0.837
0.905
1.010
1.277
1.469
1.361
1.881
1.104
1.549
1.081
1.255
1.727
0.923
1.093
0.642
1.275
1.211
1.231
1.519
1.391
1.018
1.471
1.031
1.289
1.041
1.371
0.503
1.599
1.492
1.337
1.719
1.492
0.395
1.480
1.737
1.959
0.300
1.704
0.496
0.582
0.344
1.354
1.203
1.284
1.123
0.958
1.256
1.221
1.167
1.745
0.895
1.060
1.163
1.667
1.598
1.753
0.384
1.245
1.468
1.527
1.416
1.616
1.814
0.905
0.687
1.283
1.435
1.337
1.343
1.618
0.754
1.305
1.520
1.522
