2.57500028092
1.97328569604
2.89215649065
2.95830491943
2.41644740413
2.53678887785
1.91885399782
2.24534912932
2.3054276406
2.09394695549
2.94026990764
2.89341163793
2.46001270158
1.73710016977
2.02167167238
2.98551611711
2.95717917488
2.19142559031
2.78781432737
2.21771396552
2.86268816335
2.38975836043
1.97206829526
3.0
2.15887625644
2.50757309996
2.60466941697
2.49601428653
2.89920697647
2.89354193513
2.76953347192
2.10883311381
2.853828921
2.18001703673
2.94786400565
2.17497195729
2.99285201038
2.27317157138
2.85949625558
2.99296000066
2.00319108561
2.35890440172
2.85853747062
2.24495419885
2.11576109354
2.11347598181
2.01207384837
2.1192521245
2.26121915075
2.92738502922
2.72991495703
1.95780705574
2.78126560482
2.6358888011
2.04235992235
2.512463541
1.70051388041
2.49601428653
2.3167596047
1.92233073264
2.95484443764
2.43078435635
2.80042239802
2.53091381799
2.31463061795
2.45820292272
2.23204125966
2.49553344007
1.84244180636
2.44638453059
1.96101175261
2.06948954997
2.98293600205
2.16546193818
2.16518106637
1.58671090267
2.99799600001
2.97656408064
2.97975601537
2.09895610485
2.97994800078
2.95452072039
2.9053863124
2.60524502882
2.17003977549
2.03410181185
1.98772789546
2.79579126749
2.15375966972
1.96375040786
2.6030522456
2.67552683325
2.12761446165
1.96549696848
3.0
